0 0.0765625 0.0890625 0.06796875 0.06796875
0 0.07578125 0.1828125 0.06875 0.065625
0 0.075 0.27421875 0.0671875 0.06796875
0 0.075 0.36484375 0.06953125 0.0671875
0 0.07421875 0.45390625 0.06796875 0.06484375
0 0.075 0.5484375 0.071875 0.065625
0 0.0734375 0.6390625 0.06875 0.0671875
0 0.075 0.73515625 0.06875 0.0671875
0 0.075 0.8265625 0.06640625 0.06875
0 0.075 0.91796875 0.0671875 0.06640625
0 0.89375 0.91640625 0.06875 0.0625
0 0.89296875 0.828125 0.0671875 0.06484375
0 0.8921875 0.7359375 0.0640625 0.06015625
0 0.89296875 0.640625 0.065625 0.06015625
0 0.89296875 0.54765625 0.0671875 0.0625
0 0.89453125 0.45625 0.065625 0.06484375
0 0.89453125 0.36484375 0.06875 0.0640625
0 0.8921875 0.27421875 0.06875 0.065625
0 0.89296875 0.18125 0.0703125 0.0671875
0 0.8953125 0.090625 0.06953125 0.0703125
8 0.8015625 0.0890625 0.071875 0.06640625
8 0.8 0.1796875 0.06953125 0.06171875
8 0.7984375 0.275 0.07109375 0.06328125
8 0.80078125 0.36484375 0.07109375 0.06328125
8 0.8 0.4546875 0.075 0.06640625
8 0.79921875 0.54765625 0.0734375 0.065625
8 0.7984375 0.640625 0.07109375 0.06484375
8 0.8 0.73359375 0.07265625 0.06328125
8 0.7984375 0.82421875 0.07109375 0.0640625
8 0.79921875 0.915625 0.07109375 0.06328125
7 0.70859375 0.915625 0.0703125 0.0640625
7 0.70859375 0.82265625 0.06875 0.0609375
7 0.70859375 0.73515625 0.07109375 0.06640625
7 0.70703125 0.63984375 0.06796875 0.06171875
7 0.709375 0.54765625 0.06953125 0.0625
7 0.709375 0.45390625 0.06875 0.06328125
7 0.71015625 0.3640625 0.06796875 0.06171875
7 0.70859375 0.27265625 0.06953125 0.0609375
7 0.70859375 0.1796875 0.0671875 0.06171875
7 0.7109375 0.0875 0.06796875 0.059375
6 0.61875 0.0890625 0.07109375 0.0640625
6 0.6171875 0.184375 0.07109375 0.065625
6 0.61640625 0.2765625 0.0703125 0.065625
6 0.61875 0.3640625 0.0703125 0.06171875
6 0.61796875 0.4578125 0.06796875 0.0625
6 0.61796875 0.5484375 0.06953125 0.06015625
6 0.615625 0.640625 0.06875 0.06171875
6 0.61875 0.7359375 0.06875 0.06171875
6 0.61796875 0.82421875 0.0703125 0.0609375
6 0.6171875 0.91796875 0.07109375 0.06328125
5 0.528125 0.08828125 0.06953125 0.0625
5 0.52578125 0.18203125 0.0703125 0.06171875
5 0.525 0.27421875 0.07109375 0.0625
5 0.52734375 0.36484375 0.0703125 0.0609375
5 0.5265625 0.45546875 0.07109375 0.06171875
5 0.52578125 0.5484375 0.06953125 0.06171875
5 0.525 0.63984375 0.06953125 0.06328125
5 0.5265625 0.73359375 0.0703125 0.0609375
5 0.5265625 0.82421875 0.071875 0.0625
5 0.52578125 0.91484375 0.07109375 0.06015625
4 0.43515625 0.91640625 0.0703125 0.06328125
4 0.4359375 0.8234375 0.06875 0.06328125
4 0.43515625 0.73515625 0.0703125 0.0609375
4 0.43359375 0.63984375 0.071875 0.0625
4 0.4359375 0.5484375 0.06953125 0.06015625
4 0.4359375 0.4546875 0.06875 0.06015625
4 0.43671875 0.36484375 0.06796875 0.0609375
4 0.434375 0.275 0.06875 0.05859375
4 0.43515625 0.18125 0.07109375 0.0609375
4 0.43828125 0.0890625 0.07109375 0.06171875
3 0.34375 0.0875 0.0734375 0.06484375
3 0.3421875 0.18203125 0.07265625 0.0671875
3 0.34140625 0.27578125 0.071875 0.06640625
3 0.34375 0.36484375 0.07578125 0.06328125
3 0.34296875 0.45703125 0.075 0.065625
3 0.34375 0.54765625 0.0734375 0.0625
3 0.34140625 0.63984375 0.07421875 0.0640625
3 0.34296875 0.73671875 0.071875 0.065625
3 0.3421875 0.825 0.07265625 0.06484375
3 0.34375 0.91640625 0.07109375 0.06171875
2 0.2546875 0.9171875 0.07109375 0.0625
2 0.253125 0.8265625 0.07109375 0.0609375
2 0.2546875 0.7359375 0.06875 0.05625
2 0.25234375 0.6390625 0.06796875 0.0609375
2 0.253125 0.54609375 0.0703125 0.06015625
2 0.253125 0.45390625 0.0703125 0.0625
2 0.25546875 0.36484375 0.06953125 0.059375
2 0.25390625 0.2734375 0.071875 0.06171875
2 0.25234375 0.18046875 0.06953125 0.06171875
2 0.25546875 0.08828125 0.06953125 0.06171875
1 0.16328125 0.0890625 0.07734375 0.06015625
1 0.1609375 0.18203125 0.0734375 0.0609375
1 0.16015625 0.275 0.07421875 0.0625
1 0.16328125 0.3640625 0.07109375 0.06328125
1 0.16171875 0.45390625 0.07109375 0.06015625
1 0.1625 0.54921875 0.071875 0.06015625
1 0.1609375 0.6390625 0.071875 0.05859375
1 0.16328125 0.734375 0.071875 0.06015625
1 0.1609375 0.8234375 0.071875 0.05859375
1 0.1609375 0.915625 0.075 0.0640625