9 0.2671875 0.51640625 0.215625 0.9671875
9 0.49375 0.51484375 0.196875 0.965625
9 0.6953125 0.5203125 0.184375 0.959375
8 0.31796875 0.18046875 0.0609375 0.0578125
8 0.5421875 0.1703125 0.0546875 0.06171875
8 0.74453125 0.190625 0.0546875 0.0515625
7 0.31875 0.33828125 0.06328125 0.05390625
7 0.5375 0.32734375 0.05 0.05234375
7 0.74140625 0.34609375 0.05859375 0.05234375
6 0.321875 0.4828125 0.065625 0.05546875
6 0.53828125 0.4796875 0.05546875 0.04921875
6 0.7375 0.50078125 0.0484375 0.0484375
5 0.32265625 0.62890625 0.05546875 0.04453125
5 0.53203125 0.621875 0.04921875 0.0390625
5 0.7296875 0.64609375 0.0484375 0.046875
4 0.32734375 0.76875 0.05234375 0.04375
4 0.5328125 0.76015625 0.0515625 0.04453125
4 0.73046875 0.78359375 0.05078125 0.0484375
3 0.3265625 0.90625 0.053125 0.04765625
3 0.528125 0.89609375 0.04609375 0.04140625
3 0.7265625 0.92265625 0.05 0.046875