9 0.165625 0.5125 0.19765625 0.903125
9 0.325 0.50390625 0.16171875 0.8734375
9 0.5 0.50234375 0.1359375 0.86640625
9 0.640625 0.49921875 0.1140625 0.85234375
9 0.81328125 0.50078125 0.184375 0.871875
8 0.87109375 0.17421875 0.03515625 0.0421875
7 0.85625 0.27890625 0.04609375 0.04921875
6 0.84296875 0.37578125 0.04375 0.04453125
5 0.83203125 0.4671875 0.04375 0.05078125
4 0.8203125 0.55078125 0.040625 0.04296875
3 0.81015625 0.63671875 0.04140625 0.0421875
2 0.80078125 0.71171875 0.03359375 0.03671875
1 0.79140625 0.7890625 0.03203125 0.028125
1 0.79140625 0.78828125 0.03203125 0.03125
1 0.7828125 0.85859375 0.03359375 0.0328125