9 0.14375 0.5 0.2828125 1
9 0.384375 0.5 0.2171875 1
9 0.58984375 0.5 0.1984375 1
9 0.81953125 0.5 0.20546875 1
7 0.1875 0.1609375 0.06484375 0.06015625
7 0.42109375 0.1484375 0.06484375 0.059375
7 0.63359375 0.15625 0.05546875 0.05703125
7 0.8703125 0.1671875 0.05390625 0.053125
6 0.20546875 0.309375 0.06484375 0.05
6 0.4234375 0.30078125 0.065625 0.0578125
6 0.63125 0.309375 0.05625 0.05
6 0.8609375 0.3203125 0.0640625 0.0546875
5 0.21953125 0.44765625 0.06171875 0.05234375
5 0.42578125 0.43828125 0.059375 0.05078125
5 0.62421875 0.45078125 0.05703125 0.05546875
5 0.846875 0.46328125 0.05 0.0578125
4 0.22734375 0.57421875 0.05390625 0.053125
4 0.428125 0.56171875 0.05546875 0.04609375
4 0.62890625 0.578125 0.04921875 0.05234375
4 0.83828125 0.59609375 0.05 0.0484375
3 0.2375 0.69609375 0.0515625 0.05703125
3 0.43125 0.68046875 0.05390625 0.05234375
3 0.62734375 0.70234375 0.0484375 0.053125
3 0.8328125 0.7203125 0.053125 0.04609375
2 0.2421875 0.80625 0.04609375 0.04375
2 0.4359375 0.7890625 0.04921875 0.04140625
2 0.6265625 0.8171875 0.046875 0.0453125
2 0.828125 0.83671875 0.04453125 0.0421875
1 0.25 0.91015625 0.04765625 0.03984375
1 0.4359375 0.88828125 0.04765625 0.04140625
1 0.62578125 0.92265625 0.0453125 0.040625
1 0.8171875 0.94609375 0.0453125 0.04609375
0 0.43828125 0.9765625 0.0421875 0.03828125