9 0.08828125 0.43828125 0.16796875 0.61796875
9 0.2765625 0.3453125 0.1984375 0.4328125
9 0.48359375 0.44375 0.18671875 0.59765625
9 0.66953125 0.415625 0.1609375 0.62421875
9 0.8703125 0.56328125 0.215625 0.8734375
8 0.1234375 0.23828125 0.05390625 0.04296875
7 0.15625 0.35546875 0.0484375 0.03515625
6 0.1859375 0.45546875 0.04375 0.03359375
5 0.20546875 0.5421875 0.03984375 0.02890625
4 0.2265625 0.61796875 0.0390625 0.025
3 0.24453125 0.69140625 0.03359375 0.0265625
8 0.3171875 0.25703125 0.05 0.04453125
7 0.33515625 0.37890625 0.04375 0.04296875
6 0.34921875 0.48359375 0.040625 0.0375
5 0.3625 0.58046875 0.03671875 0.03046875
4 0.3703125 0.66328125 0.03671875 0.03671875
8 0.5375 0.25234375 0.04609375 0.04453125
8 0.709375 0.2046875 0.0390625 0.0375
8 0.93984375 0.23515625 0.040625 0.04375
7 0.53984375 0.37578125 0.04921875 0.04296875
7 0.70078125 0.3265625 0.03515625 0.0375
7 0.9203125 0.35859375 0.03359375 0.04609375
6 0.54140625 0.478125 0.040625 0.0390625
6 0.6953125 0.4296875 0.0390625 0.0375
6 0.903125 0.47109375 0.0328125 0.040625
5 0.5453125 0.57421875 0.04140625 0.0390625
5 0.68671875 0.52578125 0.040625 0.040625
5 0.88515625 0.5671875 0.03203125 0.03515625
4 0.54921875 0.65703125 0.03828125 0.03515625
4 0.684375 0.6109375 0.040625 0.03828125
4 0.86953125 0.6546875 0.03359375 0.034375
3 0.68203125 0.68828125 0.03203125 0.03671875
3 0.8546875 0.734375 0.02890625 0.0328125