9 0.1359375 0.51796875 0.2390625 0.9609375
9 0.37421875 0.51328125 0.2828125 0.9734375
9 0.63046875 0.50625 0.26328125 0.98671875
9 0.86875 0.4890625 0.246875 0.978125
8 0.203125 0.16171875 0.0703125 0.046875
7 0.21875 0.29609375 0.0703125 0.04765625
6 0.2359375 0.4265625 0.06640625 0.0453125
5 0.24296875 0.5484375 0.06171875 0.04921875
4 0.25703125 0.6609375 0.06171875 0.04296875
3 0.271875 0.771875 0.05703125 0.04140625
2 0.284375 0.875 0.0578125 0.04296875
1 0.29140625 0.9703125 0.06484375 0.04296875