9 0.15546875 0.50078125 0.3109375 0.78046875
9 0.49453125 0.49765625 0.31484375 0.790625
9 0.83046875 0.5046875 0.31796875 0.79453125
8 0.2515625 0.175 0.046875 0.03046875
7 0.2515625 0.25625 0.04140625 0.0328125
6 0.259375 0.33125 0.0453125 0.028125
5 0.26171875 0.41015625 0.046875 0.0296875
4 0.2640625 0.48984375 0.04921875 0.0359375
3 0.2703125 0.56484375 0.04375 0.03125
2 0.27265625 0.6375 0.04453125 0.02890625
1 0.27265625 0.71640625 0.04453125 0.03203125
0 0.271875 0.79453125 0.04609375 0.0359375
1 0.57734375 0.87421875 0.034375 0.02890625
0 0.596875 0.79765625 0.03046875 0.02578125
0 0.9296875 0.80234375 0.03046875 0.02734375
1 0.59765625 0.71796875 0.03828125 0.02421875
2 0.59453125 0.64140625 0.034375 0.025
2 0.91015625 0.88125 0.034375 0.025
2 0.92578125 0.640625 0.0359375 0.0265625
1 0.928125 0.72109375 0.03984375 0.02421875
3 0.59609375 0.56328125 0.0359375 0.02734375
3 0.9265625 0.565625 0.0390625 0.0265625
4 0.59296875 0.48515625 0.0375 0.02734375
4 0.92265625 0.4875 0.03828125 0.02734375
5 0.590625 0.41015625 0.03671875 0.02421875
5 0.92578125 0.4109375 0.0375 0.02265625
6 0.59296875 0.328125 0.03671875 0.025
6 0.93125 0.33046875 0.0421875 0.0328125
7 0.5921875 0.25234375 0.0390625 0.02578125
7 0.92734375 0.2515625 0.03984375 0.028125
8 0.59296875 0.1703125 0.0390625 0.0234375
8 0.93125 0.17109375 0.0390625 0.025