9 0.08515625 0.303125 0.1703125 0.5515625
9 0.253125 0.5296875 0.175 0.940625
9 0.41484375 0.52890625 0.1578125 0.94140625
9 0.56875 0.528125 0.159375 0.94375
9 0.6953125 0.47734375 0.1015625 0.94921875
9 0.878125 0.465625 0.23046875 0.93046875
8 0.1171875 0.14296875 0.053125 0.046875
8 0.28828125 0.175 0.0515625 0.04765625
8 0.44453125 0.16953125 0.046875 0.0390625
8 0.61953125 0.17265625 0.04140625 0.04609375
8 0.78515625 0.125 0.0390625 0.04375
8 0.9546875 0.09921875 0.0390625 0.0390625
7 0.13046875 0.265625 0.05 0.04765625
7 0.296875 0.30078125 0.05 0.0453125
7 0.44765625 0.296875 0.04296875 0.04609375
7 0.61796875 0.29453125 0.0390625 0.04296875
7 0.7765625 0.24375 0.0375 0.0484375
7 0.93125 0.21796875 0.04296875 0.0453125
6 0.1453125 0.3796875 0.0453125 0.0421875
6 0.3046875 0.4125 0.046875 0.04609375
6 0.45234375 0.415625 0.04375 0.04296875
6 0.61484375 0.415625 0.0453125 0.04375
6 0.76953125 0.3640625 0.03671875 0.04453125
6 0.91484375 0.3390625 0.03828125 0.0453125
5 0.1546875 0.48671875 0.04921875 0.03984375
5 0.30234375 0.52265625 0.0484375 0.046875
5 0.45078125 0.5203125 0.04375 0.04296875
5 0.61640625 0.52265625 0.04140625 0.04453125
5 0.7609375 0.4671875 0.0359375 0.03828125
5 0.896875 0.43828125 0.0375 0.0375
4 0.1671875 0.59765625 0.0453125 0.0390625
4 0.30234375 0.6109375 0.04609375 0.03984375
4 0.45625 0.61328125 0.0453125 0.04140625
4 0.61484375 0.61640625 0.04453125 0.03515625
4 0.7546875 0.55625 0.03359375 0.03984375
4 0.8828125 0.5265625 0.028125 0.03046875
3 0.18046875 0.6875 0.04375 0.03203125
3 0.3109375 0.71015625 0.04375 0.03828125
3 0.45859375 0.7125 0.046875 0.046875
3 0.61328125 0.71328125 0.0359375 0.0421875
3 0.74765625 0.64140625 0.02734375 0.03515625
3 0.865625 0.6140625 0.03046875 0.03984375
2 0.18671875 0.76796875 0.0390625 0.03671875
2 0.31328125 0.79609375 0.03515625 0.03828125
2 0.4609375 0.80390625 0.04140625 0.03828125
2 0.6140625 0.7984375 0.0375 0.03828125
2 0.74453125 0.72421875 0.03359375 0.0421875
2 0.853125 0.68984375 0.03515625 0.03671875
1 0.1953125 0.84296875 0.04140625 0.028125
1 0.3171875 0.88046875 0.03984375 0.03984375
1 0.465625 0.88515625 0.03203125 0.0359375
1 0.61328125 0.88203125 0.0359375 0.0296875
1 0.734375 0.796875 0.0328125 0.04140625
1 0.8390625 0.7640625 0.03359375 0.03828125
0 0.2015625 0.9 0.03515625 0.03046875
0 0.3203125 0.96015625 0.03359375 0.03203125
0 0.4703125 0.9609375 0.0328125 0.0296875
0 0.609375 0.9578125 0.02421875 0.03203125
0 0.73046875 0.86484375 0.02109375 0.02890625
0 0.8265625 0.83125 0.0265625 0.034375