9 0.215625 0.509375 0.31953125 0.4453125
9 0.81875 0.46484375 0.35390625 0.3625
8 0.21171875 0.33203125 0.09375 0.0546875
8 0.8875 0.33125 0.11640625 0.0578125
7 0.17265625 0.39765625 0.1125 0.04921875
7 0.78203125 0.39453125 0.090625 0.0453125
6 0.253125 0.4578125 0.0890625 0.0484375
6 0.83125 0.453125 0.0875 0.04375
5 0.21484375 0.503125 0.08671875 0.040625
5 0.74765625 0.503125 0.0921875 0.040625
4 0.27734375 0.5515625 0.07734375 0.03828125
4 0.79453125 0.54921875 0.0875 0.0390625
3 0.23984375 0.58984375 0.08046875 0.03046875
3 0.72109375 0.58828125 0.075 0.0328125
2 0.3 0.62890625 0.065625 0.03203125
2 0.76171875 0.62734375 0.07265625 0.03046875
1 0.2640625 0.6625 0.0734375 0.03046875
1 0.70390625 0.659375 0.06484375 0.02265625
0 0.31953125 0.69296875 0.07109375 0.028125
0 0.7359375 0.690625 0.06484375 0.028125