9 0.2390625 0.5859375 0.1234375 0.78359375
9 0.35 0.58828125 0.1046875 0.78203125
9 0.4546875 0.59140625 0.103125 0.7796875
9 0.5546875 0.58515625 0.08203125 0.77578125
9 0.65625 0.34609375 0.115625 0.29921875
9 0.646875 0.659375 0.10234375 0.3265625
9 0.7828125 0.57890625 0.13671875 0.7625
8 0.2640625 0.2796875 0.04609375 0.034375
8 0.37265625 0.27890625 0.03671875 0.03046875
8 0.4828125 0.28203125 0.03671875 0.03125
8 0.59453125 0.27734375 0.03203125 0.03828125
8 0.7046875 0.2765625 0.03125 0.03046875
8 0.81953125 0.2765625 0.0296875 0.03046875
7 0.26875 0.3703125 0.0390625 0.03125
7 0.37265625 0.36953125 0.03515625 0.03515625
7 0.48203125 0.371875 0.03125 0.0265625
7 0.590625 0.36875 0.0359375 0.034375
7 0.6984375 0.36640625 0.03359375 0.028125
7 0.80859375 0.36953125 0.0328125 0.03203125
6 0.27265625 0.45703125 0.03515625 0.03046875
6 0.3765625 0.4578125 0.03515625 0.02890625
6 0.48046875 0.45859375 0.034375 0.0296875
6 0.5875 0.45390625 0.028125 0.02578125
6 0.69453125 0.45078125 0.0296875 0.02578125
6 0.79765625 0.453125 0.0328125 0.0328125
5 0.27734375 0.540625 0.03359375 0.028125
5 0.37578125 0.53828125 0.0328125 0.0265625
5 0.48046875 0.54140625 0.034375 0.02890625
5 0.58359375 0.53671875 0.028125 0.02265625
5 0.68671875 0.534375 0.03046875 0.02578125
5 0.78984375 0.534375 0.03046875 0.0265625
4 0.28125 0.61796875 0.03203125 0.0234375
4 0.37734375 0.615625 0.034375 0.02421875
4 0.4796875 0.61875 0.02734375 0.02421875
4 0.58125 0.6125 0.02734375 0.02265625
4 0.68203125 0.609375 0.02421875 0.02421875
4 0.7828125 0.6125 0.0265625 0.02734375
3 0.28359375 0.69296875 0.0328125 0.02890625
3 0.3796875 0.69140625 0.03125 0.028125
3 0.47890625 0.6953125 0.0328125 0.0265625
3 0.57890625 0.68828125 0.02890625 0.0265625
3 0.67734375 0.68359375 0.02421875 0.02890625
3 0.77578125 0.6875 0.025 0.02578125
2 0.28984375 0.7671875 0.02890625 0.021875
2 0.38046875 0.7671875 0.028125 0.02109375
2 0.4796875 0.76875 0.02734375 0.02421875
2 0.57578125 0.759375 0.028125 0.0265625
2 0.671875 0.75546875 0.028125 0.0234375
2 0.7703125 0.759375 0.025 0.0234375
1 0.290625 0.840625 0.02734375 0.021875
1 0.38203125 0.83515625 0.03125 0.02265625
1 0.47734375 0.840625 0.02734375 0.0265625
1 0.57265625 0.828125 0.02578125 0.0265625
1 0.66640625 0.82421875 0.028125 0.021875
1 0.7609375 0.82734375 0.025 0.0265625
0 0.29765625 0.90234375 0.02578125 0.02265625
0 0.38515625 0.89765625 0.028125 0.02578125
0 0.48046875 0.903125 0.02578125 0.028125
0 0.5734375 0.88984375 0.0203125 0.025
0 0.665625 0.884375 0.025 0.0265625
0 0.75859375 0.88828125 0.02265625 0.028125