0 0.43046875 0.46328125 0.384375 0.92109375
1 0.40234375 0.08984375 0.078125 0.06875
1 0.40078125 0.159375 0.08984375 0.059375
1 0.4 0.23125 0.07734375 0.059375
1 0.4 0.30078125 0.07578125 0.06171875
1 0.39765625 0.36953125 0.0734375 0.06015625
1 0.3984375 0.44765625 0.08046875 0.05390625
1 0.39765625 0.5140625 0.07421875 0.05625
1 0.4 0.58046875 0.07578125 0.05546875
1 0.39765625 0.64609375 0.071875 0.05625
1 0.39921875 0.70703125 0.0703125 0.05546875
1 0.396875 0.7828125 0.071875 0.05859375
1 0.39765625 0.84296875 0.08046875 0.053125