1 0.65546875 0.46953125 0.01171875 0.02734375
0 0.678125 0.47265625 0.1 0.51640625
1 0.7 0.25859375 0.02578125 0.02734375
1 0.64296875 0.3015625 0.01015625 0.021875
1 0.6515625 0.3375 0.0078125 0.01796875
1 0.64453125 0.36875 0.00859375 0.01875
1 0.653125 0.4046875 0.0078125 0.01796875
1 0.6453125 0.4375 0.00859375 0.01875
1 0.6546875 0.471875 0.0078125 0.0203125
1 0.646875 0.50234375 0.00859375 0.01875
1 0.65546875 0.53828125 0.0078125 0.01796875
1 0.646875 0.5671875 0.009375 0.0171875
1 0.65625 0.603125 0.0078125 0.01875
1 0.6484375 0.63125 0.009375 0.01875
1 0.65625 0.6671875 0.009375 0.015625