1 0.534375 0.5578125 0.03984375 0.02578125
1 0.534375 0.528125 0.03828125 0.0265625
1 0.534375 0.615625 0.03828125 0.025
1 0.534375 0.5859375 0.0390625 0.025
1 0.5328125 0.6484375 0.0421875 0.02578125
1 0.53125 0.4625 0.04140625 0.03125
1 0.53515625 0.6765625 0.03828125 0.025
1 0.53046875 0.34453125 0.0390625 0.0234375
1 0.53125 0.31484375 0.0359375 0.02421875
1 0.53203125 0.49609375 0.0390625 0.02734375
1 0.53046875 0.37578125 0.0390625 0.025
1 0.53515625 0.76953125 0.04375 0.02734375
1 0.53125 0.403125 0.040625 0.028125
1 0.534375 0.7109375 0.03984375 0.02734375
0 0.49453125 0.5734375 0.16796875 0.62421875
1 0.53515625 0.80078125 0.04375 0.0265625
1 0.53203125 0.28515625 0.0296875 0.02578125
1 0.53671875 0.83359375 0.03125 0.02421875
1 0.5390625 0.865625 0.0375 0.02734375
1 0.4515625 0.76328125 0.0578125 0.0265625
1 0.4484375 0.45625 0.0546875 0.0265625