0 0.509375 0.49375 0.14609375 0.9375
1 0.51484375 0.0640625 0.0625 0.0453125
1 0.51328125 0.12421875 0.0546875 0.04375
1 0.515625 0.20625 0.05234375 0.05859375
1 0.51328125 0.3015625 0.06328125 0.04609375
1 0.5140625 0.3921875 0.06484375 0.0640625
1 0.51484375 0.48046875 0.0625 0.053125
1 0.5125 0.56953125 0.06171875 0.05859375
1 0.51328125 0.66171875 0.06328125 0.04765625
1 0.5125 0.7515625 0.06171875 0.04921875
1 0.51328125 0.83828125 0.0546875 0.05390625
1 0.5171875 0.92578125 0.05234375 0.0578125