0 0.72578125 0.31796875 0.10625 0.490625
1 0.73203125 0.465625 0.0359375 0.02421875
1 0.73984375 0.25859375 0.03203125 0.0265625
1 0.73671875 0.31953125 0.03515625 0.02578125
1 0.734375 0.40546875 0.03359375 0.0265625
1 0.73359375 0.43984375 0.0359375 0.0265625
1 0.73203125 0.496875 0.03671875 0.02578125
1 0.7375 0.2875 0.034375 0.025
1 0.7421875 0.19375 0.034375 0.02578125
1 0.74140625 0.22578125 0.03125 0.02421875
1 0.74296875 0.1640625 0.03359375 0.0265625
1 0.74453125 0.09921875 0.03515625 0.02890625
1 0.73828125 0.37890625 0.025 0.02578125
1 0.740625 0.3484375 0.0296875 0.02265625
1 0.7453125 0.1296875 0.03515625 0.02578125
1 0.73359375 0.52421875 0.02890625 0.021875