0 0.484375 0.43125 0.1296875 0.84453125
1 0.5125 0.03359375 0.04140625 0.0390625
1 0.49453125 0.08046875 0.03984375 0.03515625
1 0.5109375 0.125 0.04296875 0.0359375
1 0.49453125 0.171875 0.04375 0.03515625
1 0.50859375 0.21796875 0.03984375 0.0375
1 0.49140625 0.2609375 0.0421875 0.03828125
1 0.5046875 0.30546875 0.04296875 0.03203125
1 0.48828125 0.3515625 0.0453125 0.03515625
1 0.50078125 0.39453125 0.04140625 0.03359375
1 0.48359375 0.43671875 0.04375 0.0359375
1 0.4984375 0.47890625 0.040625 0.03671875
1 0.48046875 0.5265625 0.0375 0.03515625
1 0.49609375 0.56875 0.04140625 0.03359375
1 0.4796875 0.61015625 0.04140625 0.03515625
1 0.49140625 0.65546875 0.04140625 0.03125
1 0.47578125 0.69921875 0.04375 0.0359375
1 0.490625 0.7421875 0.03984375 0.034375
1 0.478125 0.7859375 0.0390625 0.034375
1 0.48984375 0.82578125 0.0375 0.03515625