0 0.51484375 0.4859375 0.10546875 0.2109375
1 0.540625 0.559375 0.0296875 0.01640625
1 0.5375 0.46875 0.0390625 0.01328125
1 0.5375 0.5203125 0.03125 0.015625
1 0.54453125 0.57890625 0.0296875 0.01484375
1 0.53359375 0.45234375 0.03828125 0.01171875
1 0.5296875 0.4203125 0.03984375 0.0125
1 0.52578125 0.390625 0.0390625 0.01484375
1 0.5296875 0.4046875 0.040625 0.01171875
1 0.53984375 0.540625 0.03125 0.01328125
1 0.534375 0.50234375 0.0296875 0.0140625
1 0.53828125 0.4859375 0.0375 0.015625
1 0.5296875 0.4359375 0.03671875 0.01328125