0 0.5234375 0.484375 0.11171875 0.2109375
1 0.54453125 0.5578125 0.0296875 0.0140625
1 0.540625 0.46875 0.04375 0.0140625
1 0.53671875 0.45234375 0.0421875 0.01328125
1 0.53046875 0.390625 0.0390625 0.015625
1 0.5328125 0.421875 0.04140625 0.01171875
1 0.540625 0.4875 0.04453125 0.01484375
1 0.540625 0.52109375 0.0296875 0.01484375
1 0.54375 0.5390625 0.028125 0.0140625
1 0.53125 0.40546875 0.03984375 0.01171875
1 0.53359375 0.43671875 0.040625 0.01328125
1 0.5484375 0.57734375 0.02890625 0.015625
1 0.5390625 0.503125 0.0296875 0.0125