0 0.5453125 0.5046875 0.1125 0.2171875
1 0.56640625 0.57578125 0.0296875 0.01484375
1 0.55859375 0.45390625 0.03671875 0.01328125
1 0.5609375 0.46953125 0.040625 0.0125
1 0.56640625 0.55625 0.02890625 0.0140625
1 0.55703125 0.4390625 0.03828125 0.0125
1 0.5703125 0.5953125 0.03125 0.015625
1 0.553125 0.4078125 0.03828125 0.0125
1 0.5625 0.48671875 0.040625 0.0125
1 0.5546875 0.42265625 0.03515625 0.01171875
1 0.56484375 0.503125 0.040625 0.0140625
1 0.56171875 0.5203125 0.03046875 0.0140625
1 0.56328125 0.53828125 0.03203125 0.01328125