0 0.509375 0.4875 0.11171875 0.21484375
1 0.52734375 0.4671875 0.0421875 0.0140625
1 0.534375 0.55703125 0.02890625 0.0140625
1 0.53046875 0.52109375 0.0296875 0.01640625
1 0.52109375 0.4203125 0.03828125 0.0125
1 0.51953125 0.4046875 0.03984375 0.0109375
1 0.52265625 0.4359375 0.0390625 0.0125
1 0.515625 0.3890625 0.0375 0.0140625
1 0.53203125 0.5375 0.028125 0.0140625
1 0.5296875 0.48515625 0.040625 0.0140625
1 0.52265625 0.4515625 0.0359375 0.01328125
1 0.52578125 0.5015625 0.0328125 0.0140625
1 0.53671875 0.57578125 0.034375 0.015625