0 0.51484375 0.490625 0.10625 0.2203125
1 0.5375 0.55859375 0.02890625 0.015625
1 0.5328125 0.46796875 0.0421875 0.01328125
1 0.534375 0.5203125 0.03046875 0.015625
1 0.53984375 0.57734375 0.03046875 0.015625
1 0.52578125 0.42109375 0.03828125 0.01328125
1 0.5359375 0.53984375 0.0296875 0.01328125
1 0.52109375 0.40546875 0.0375 0.01171875
1 0.528125 0.45234375 0.03671875 0.0125
1 0.53203125 0.50234375 0.0296875 0.01484375
1 0.534375 0.48515625 0.04375 0.01328125
1 0.525 0.4359375 0.03828125 0.0125