0 0.54140625 0.50390625 0.1046875 0.2140625
1 0.5671875 0.575 0.03125 0.01484375
1 0.56328125 0.5390625 0.03359375 0.0140625
1 0.5609375 0.4703125 0.04140625 0.01328125
1 0.5578125 0.45390625 0.0375 0.01328125
1 0.565625 0.55703125 0.03046875 0.0140625
1 0.5546875 0.4234375 0.0375 0.01328125
1 0.5703125 0.5953125 0.03125 0.0140625
1 0.55859375 0.43828125 0.03828125 0.0109375
1 0.56640625 0.5046875 0.04296875 0.0140625
1 0.5546875 0.40859375 0.0390625 0.01484375
1 0.56328125 0.5203125 0.03046875 0.01328125
1 0.56328125 0.4859375 0.03984375 0.01328125