1 0.43046875 0.45859375 0.01953125 0.03515625
1 0.43203125 0.315625 0.0203125 0.034375
1 0.43125 0.415625 0.01875 0.03515625
1 0.4296875 0.553125 0.01953125 0.03359375
1 0.42890625 0.5984375 0.0203125 0.03359375
1 0.390625 0.73359375 0.01875 0.0328125
1 0.43125 0.3640625 0.02109375 0.03515625
1 0.4328125 0.2703125 0.02109375 0.03515625
1 0.4203125 0.21796875 0.03203125 0.04140625
1 0.4296875 0.50546875 0.01953125 0.034375
1 0.390625 0.77578125 0.01875 0.03203125
1 0.42890625 0.64140625 0.01875 0.034375
0 0.40703125 0.48125 0.109375 0.68203125
1 0.3859375 0.6921875 0.02890625 0.03828125