0 0.3671875 0.51171875 0.08359375 0.70703125
1 0.34921875 0.215625 0.02265625 0.0296875
1 0.37109375 0.25859375 0.02109375 0.0265625
1 0.35078125 0.30234375 0.021875 0.0328125
1 0.3703125 0.33984375 0.02265625 0.025
1 0.35078125 0.38125 0.01875 0.03671875
1 0.3703125 0.4203125 0.02109375 0.0265625
1 0.35234375 0.45703125 0.0203125 0.03515625
1 0.371875 0.49765625 0.02421875 0.0265625
1 0.353125 0.53515625 0.021875 0.02890625
1 0.3546875 0.60703125 0.021875 0.03125
1 0.37578125 0.6421875 0.0203125 0.0265625
1 0.35625 0.675 0.01796875 0.028125
1 0.37734375 0.71015625 0.0203125 0.028125
1 0.3578125 0.74296875 0.01953125 0.02578125