0 0.321875 0.43203125 0.06875 0.29375
1 0.328125 0.33515625 0.02578125 0.01328125
1 0.32890625 0.3578125 0.025 0.0125
1 0.32890625 0.378125 0.028125 0.01328125
1 0.33046875 0.39921875 0.02890625 0.01171875
1 0.32890625 0.41953125 0.0296875 0.0109375
1 0.3296875 0.4390625 0.02578125 0.0125
1 0.33046875 0.459375 0.025 0.01328125
1 0.33203125 0.48125 0.03046875 0.01015625
1 0.3328125 0.5 0.02578125 0.01171875
1 0.33203125 0.5203125 0.02578125 0.01015625
1 0.33203125 0.53984375 0.0265625 0.01015625
1 0.3328125 0.56015625 0.0265625 0.01015625