0 0.5375 0.5046875 0.16015625 0.96640625
1 0.55234375 0.96484375 0.0390625 0.02734375
1 0.55234375 0.93828125 0.04140625 0.0265625
1 0.5515625 0.91015625 0.04453125 0.028125
1 0.55 0.88203125 0.046875 0.02578125
1 0.55 0.85546875 0.03984375 0.02734375
1 0.546875 0.828125 0.04375 0.028125
1 0.54921875 0.80078125 0.04453125 0.028125
1 0.54765625 0.77265625 0.04609375 0.02265625
1 0.5453125 0.74453125 0.0390625 0.0296875
1 0.56875 0.71953125 0.04296875 0.03125
1 0.54375 0.69296875 0.04296875 0.028125
1 0.54453125 0.665625 0.04453125 0.02421875
1 0.54375 0.640625 0.03828125 0.02578125
1 0.54296875 0.61484375 0.0359375 0.02265625
1 0.54296875 0.58828125 0.0375 0.021875
1 0.54140625 0.56328125 0.0390625 0.021875
1 0.540625 0.5375 0.03671875 0.0234375
1 0.5390625 0.51171875 0.03828125 0.0203125
1 0.53984375 0.48671875 0.03515625 0.0203125
1 0.5609375 0.4609375 0.04296875 0.0234375
1 0.53515625 0.43515625 0.0328125 0.02265625
1 0.53828125 0.40859375 0.03671875 0.02109375
1 0.53671875 0.38359375 0.0359375 0.02265625
1 0.53671875 0.3578125 0.0375 0.021875
1 0.53515625 0.33125 0.0375 0.02109375
1 0.53515625 0.30625 0.0375 0.02265625
1 0.53359375 0.28046875 0.03828125 0.02109375
1 0.53359375 0.25625 0.040625 0.021875
1 0.53203125 0.23046875 0.0390625 0.0234375
1 0.55390625 0.20625 0.04296875 0.02578125
1 0.53046875 0.18046875 0.03515625 0.021875
1 0.53125 0.1546875 0.03828125 0.02265625
1 0.53125 0.1296875 0.03828125 0.021875
1 0.5296875 0.1046875 0.03984375 0.02421875
1 0.5296875 0.07890625 0.03984375 0.02265625
1 0.528125 0.053125 0.03984375 0.021875