0 0.5140625 0.47734375 0.125 0.7734375
1 0.50703125 0.16328125 0.02734375 0.01640625
1 0.5390625 0.1953125 0.02734375 0.0140625
1 0.50625 0.22734375 0.0296875 0.01484375
1 0.53828125 0.2578125 0.0296875 0.01640625
1 0.50546875 0.290625 0.028125 0.01640625
1 0.53359375 0.32109375 0.0328125 0.015625
1 0.50234375 0.35234375 0.0296875 0.0171875
1 0.53203125 0.38359375 0.0296875 0.01640625
1 0.50390625 0.4140625 0.028125 0.0171875
1 0.53125 0.44453125 0.02578125 0.015625
1 0.5 0.475 0.025 0.015625
1 0.5296875 0.50625 0.02421875 0.01484375
1 0.496875 0.5359375 0.02421875 0.01796875
1 0.52734375 0.5640625 0.02734375 0.015625
1 0.49609375 0.596875 0.0265625 0.01796875
1 0.52578125 0.625 0.02734375 0.0171875
1 0.49375 0.65625 0.02578125 0.01640625
1 0.52421875 0.684375 0.028125 0.0171875
1 0.49296875 0.715625 0.02578125 0.0171875
1 0.52265625 0.74375 0.025 0.015625
1 0.4921875 0.775 0.0234375 0.01484375
1 0.525 0.803125 0.02265625 0.015625
1 0.49140625 0.834375 0.02421875 0.0171875