0 0.590625 0.4015625 0.19765625 0.7828125
1 0.64375 0.13984375 0.03125 0.04453125
1 0.6390625 0.1796875 0.028125 0.03828125
1 0.63125 0.21640625 0.02890625 0.03828125
1 0.625 0.253125 0.03125 0.0328125
1 0.6203125 0.2859375 0.03203125 0.0375
1 0.61484375 0.31796875 0.0296875 0.034375
1 0.6109375 0.346875 0.0296875 0.03046875
1 0.6109375 0.375 0.01953125 0.034375
1 0.6 0.41015625 0.028125 0.03515625
1 0.596875 0.440625 0.02890625 0.02890625
1 0.59140625 0.4671875 0.02734375 0.03203125
1 0.5859375 0.49453125 0.03046875 0.03046875
1 0.58203125 0.51796875 0.03046875 0.03046875
1 0.578125 0.54296875 0.02890625 0.028125
1 0.575 0.56796875 0.025 0.0296875
1 0.571875 0.59296875 0.02421875 0.028125
1 0.56953125 0.6140625 0.0203125 0.02890625
1 0.5625 0.65390625 0.0234375 0.02421875
1 0.559375 0.67578125 0.02421875 0.0265625
1 0.55859375 0.69765625 0.02265625 0.028125
1 0.5546875 0.721875 0.02421875 0.0296875