0 0.48515625 0.5046875 0.10078125 0.64296875
1 0.5015625 0.72109375 0.03671875 0.0203125
1 0.49765625 0.4953125 0.03359375 0.0203125
1 0.5078125 0.6984375 0.03671875 0.01796875
1 0.4984375 0.61953125 0.0375 0.0203125
1 0.49765625 0.5953125 0.03671875 0.0203125
1 0.4953125 0.39296875 0.03671875 0.021875
1 0.4984375 0.54453125 0.0359375 0.02265625
1 0.4953125 0.34296875 0.0328125 0.021875
1 0.5015625 0.7453125 0.040625 0.021875
1 0.496875 0.56875 0.03671875 0.0203125
1 0.496875 0.2921875 0.028125 0.02109375
1 0.4953125 0.3703125 0.034375 0.02109375
1 0.496875 0.51796875 0.03671875 0.0203125
1 0.5 0.46640625 0.028125 0.02109375
1 0.50078125 0.67109375 0.0375 0.02109375
1 0.49453125 0.31953125 0.03125 0.02109375
1 0.49765625 0.421875 0.0328125 0.02265625
1 0.49296875 0.2171875 0.028125 0.02109375
1 0.49921875 0.64609375 0.0359375 0.01953125
1 0.471875 0.19375 0.04375 0.01953125
1 0.49296875 0.2421875 0.02734375 0.021875
1 0.49296875 0.26953125 0.028125 0.0203125
1 0.50078125 0.77421875 0.0421875 0.0234375
1 0.5015625 0.44609375 0.02578125 0.01640625