1 0.36328125 0.115625 0.0328125 0.034375
1 0.39296875 0.3328125 0.03046875 0.034375
1 0.3640625 0.2015625 0.0328125 0.034375
1 0.3640625 0.28984375 0.03046875 0.034375
1 0.36484375 0.3796875 0.0328125 0.03359375
0 0.3828125 0.36796875 0.09609375 0.7359375
1 0.39375 0.5953125 0.0296875 0.03828125
1 0.39375 0.50625 0.03046875 0.0359375
1 0.36171875 0.025 0.03046875 0.03671875
1 0.39140625 0.15703125 0.0296875 0.03359375
1 0.3703125 0.55234375 0.03046875 0.03359375
1 0.39296875 0.421875 0.02890625 0.034375
1 0.39140625 0.24375 0.03125 0.034375
1 0.36796875 0.46328125 0.02578125 0.03515625
1 0.38984375 0.06875 0.03125 0.0359375
1 0.3953125 0.68125 0.03125 0.03203125
1 0.36953125 0.64140625 0.02734375 0.0328125