0 0.4875 0.2296875 0.0890625 0.459375
1 0.465625 0.165625 0.0203125 0.02578125
1 0.50546875 0.0828125 0.021875 0.025
1 0.5109375 0.3984375 0.0203125 0.021875
1 0.50625 0.13984375 0.021875 0.025
1 0.5046875 0.0296875 0.02109375 0.025
1 0.51015625 0.2953125 0.0203125 0.02265625
1 0.4671875 0.21796875 0.01875 0.021875
1 0.50703125 0.190625 0.0203125 0.02421875
1 0.46328125 0.00859375 0.02109375 0.0171875
1 0.46953125 0.3765625 0.01953125 0.01953125
1 0.4640625 0.11484375 0.021875 0.025
1 0.46328125 0.05859375 0.02421875 0.0265625
1 0.509375 0.24296875 0.0203125 0.02109375
1 0.46953125 0.27109375 0.021875 0.01953125
1 0.4703125 0.321875 0.02265625 0.01953125
1 0.51015625 0.3484375 0.0203125 0.02109375
1 0.4703125 0.42421875 0.02109375 0.01875
1 0.51015625 0.44921875 0.0234375 0.01796875