0 0.8359375 0.434375 0.0609375 0.71328125
1 0.83125 0.21640625 0.0140625 0.02890625
1 0.82265625 0.675 0.01484375 0.028125
1 0.84609375 0.1703125 0.01640625 0.028125
1 0.83671875 0.63203125 0.0140625 0.028125
1 0.82734375 0.4046875 0.01484375 0.03125
1 0.82421875 0.4953125 0.01328125 0.0328125
1 0.83984375 0.45 0.0140625 0.03046875
1 0.8234375 0.5859375 0.0125 0.0296875
1 0.83828125 0.5421875 0.01484375 0.03203125
1 0.8359375 0.71953125 0.01328125 0.0265625
1 0.82109375 0.76171875 0.01328125 0.028125
1 0.840625 0.35703125 0.0125 0.02421875
1 0.82890625 0.31015625 0.01328125 0.02265625
1 0.834375 0.1203125 0.01328125 0.0265625