1 0.33359375 0.16953125 0.04375 0.03671875
1 0.29375 0.12265625 0.04921875 0.0359375
1 0.33125 0.07421875 0.0453125 0.03671875
1 0.33515625 0.459375 0.04375 0.0359375
0 0.315625 0.3921875 0.13046875 0.784375
1 0.2953125 0.41328125 0.04609375 0.03515625
1 0.29765625 0.6046875 0.040625 0.03671875
1 0.29453125 0.2203125 0.04609375 0.0375
1 0.33828125 0.65390625 0.04296875 0.03984375
1 0.290625 0.02421875 0.03984375 0.03984375
1 0.3375 0.55703125 0.04453125 0.0390625
1 0.33515625 0.36640625 0.04296875 0.03671875
1 0.33671875 0.26953125 0.04453125 0.03515625
1 0.29609375 0.50703125 0.03671875 0.03984375
1 0.29296875 0.3171875 0.04453125 0.03828125
1 0.296875 0.7046875 0.046875 0.0390625
1 0.340625 0.74609375 0.040625 0.03125