0 0.51953125 0.4140625 0.1875 0.70234375
1 0.55703125 0.29921875 0.06328125 0.04765625
1 0.5578125 0.3484375 0.06328125 0.0453125
1 0.4921875 0.5484375 0.06328125 0.046875
1 0.49140625 0.49765625 0.06484375 0.05078125
1 0.55859375 0.2015625 0.0671875 0.0453125
1 0.5578125 0.1515625 0.065625 0.046875
1 0.49140625 0.64765625 0.06640625 0.04765625
1 0.56015625 0.10703125 0.06484375 0.04765625
1 0.5578125 0.3953125 0.0609375 0.04453125
1 0.49375 0.446875 0.0640625 0.046875
1 0.4921875 0.596875 0.0625 0.04375
1 0.48984375 0.6984375 0.065625 0.04609375
1 0.5578125 0.2484375 0.06796875 0.04921875