1 0.68359375 0.2234375 0.03359375 0.03359375
1 0.68203125 0.2625 0.03046875 0.0328125
1 0.68046875 0.2984375 0.03203125 0.03125
1 0.68203125 0.184375 0.034375 0.03203125
1 0.6796875 0.565625 0.03203125 0.0328125
1 0.68046875 0.5296875 0.03046875 0.0328125
1 0.68125 0.33671875 0.03125 0.02890625
0 0.66484375 0.4015625 0.0984375 0.6203125
1 0.68359375 0.64609375 0.03359375 0.03203125
1 0.68203125 0.60546875 0.03359375 0.03203125
1 0.68359375 0.14765625 0.02890625 0.03125
1 0.68203125 0.37578125 0.03046875 0.02578125
1 0.68046875 0.4140625 0.02890625 0.02734375
1 0.6796875 0.45234375 0.03046875 0.02734375