0 0.48984375 0.54453125 0.05703125 0.4015625
1 0.503125 0.365625 0.021875 0.0296875
1 0.503125 0.4 0.021875 0.028125
1 0.50390625 0.43515625 0.0203125 0.02734375
1 0.5046875 0.47265625 0.021875 0.0296875
1 0.50234375 0.5078125 0.01640625 0.0296875
1 0.50390625 0.5453125 0.01953125 0.02890625
1 0.50390625 0.58203125 0.01875 0.02734375
1 0.50390625 0.61640625 0.0171875 0.0296875
1 0.50546875 0.65546875 0.0171875 0.028125
1 0.50546875 0.68984375 0.0171875 0.0296875
1 0.50625 0.728125 0.01640625 0.028125