0 0.48828125 0.5484375 0.053125 0.40859375
1 0.50390625 0.6171875 0.01640625 0.02734375
1 0.50546875 0.68984375 0.01640625 0.0296875
1 0.5046875 0.58125 0.01640625 0.02421875
1 0.5046875 0.43671875 0.02109375 0.028125
1 0.5046875 0.475 0.02109375 0.0296875
1 0.503125 0.50859375 0.01796875 0.028125
1 0.50390625 0.40078125 0.0203125 0.02734375
1 0.50390625 0.546875 0.01875 0.028125
1 0.50546875 0.65546875 0.01640625 0.02890625
1 0.503125 0.3671875 0.021875 0.02890625
1 0.50546875 0.72734375 0.01640625 0.02734375