0 0.490625 0.59140625 0.05625 0.49765625
1 0.50390625 0.3640625 0.021875 0.028125
1 0.503125 0.40078125 0.021875 0.02734375
1 0.50390625 0.43515625 0.021875 0.028125
1 0.5046875 0.47265625 0.02265625 0.0296875
1 0.50234375 0.50859375 0.0171875 0.02734375
1 0.50390625 0.5453125 0.01875 0.0296875
1 0.50390625 0.58125 0.01796875 0.0265625
1 0.5046875 0.61640625 0.01796875 0.03046875
1 0.5046875 0.6546875 0.01796875 0.0296875
1 0.50546875 0.6890625 0.01875 0.02890625
1 0.50546875 0.728125 0.0171875 0.02890625
1 0.50625 0.76640625 0.01796875 0.0296875
1 0.50859375 0.80703125 0.01640625 0.02734375