0 0.33046875 0.6671875 0.175 0.665625
1 0.30546875 0.40078125 0.06015625 0.0296875
1 0.365625 0.45234375 0.0640625 0.0328125
1 0.3015625 0.50703125 0.0625 0.03359375
1 0.365625 0.559375 0.05546875 0.03359375
1 0.30625 0.61015625 0.06328125 0.028125
1 0.3640625 0.66015625 0.0578125 0.0328125
1 0.30546875 0.71328125 0.0671875 0.03125
1 0.36328125 0.7609375 0.05625 0.0328125
1 0.30703125 0.81484375 0.0640625 0.03203125
1 0.30703125 0.9140625 0.06171875 0.025
1 0.36484375 0.959375 0.05234375 0.03125
1 0.325 0.8859375 0.02109375 0.0265625
1 0.325 0.3703125 0.02578125 0.02578125