0 0.640625 0.54609375 0.11796875 0.74375
1 0.615625 0.22734375 0.04296875 0.03125
1 0.66171875 0.27265625 0.0484375 0.028125
1 0.61796875 0.31171875 0.0375 0.02890625
1 0.6609375 0.3578125 0.05078125 0.02578125
1 0.6203125 0.39609375 0.04296875 0.0265625
1 0.66015625 0.43984375 0.05 0.02890625
1 0.6203125 0.47734375 0.03984375 0.02578125
1 0.66171875 0.52265625 0.04609375 0.028125
1 0.61953125 0.55625 0.0421875 0.028125
1 0.6203125 0.63671875 0.03984375 0.03046875
1 0.66015625 0.67890625 0.0484375 0.02578125
1 0.6234375 0.7109375 0.0375 0.02734375
1 0.6625 0.7546875 0.05 0.0296875
1 0.6234375 0.78671875 0.03515625 0.0296875
1 0.6640625 0.83046875 0.05 0.0265625
1 0.625 0.859375 0.034375 0.028125