0 0.55 0.31015625 0.08671875 0.61796875
1 0.56484375 0.1984375 0.02734375 0.034375
1 0.53984375 0.146875 0.0265625 0.0328125
1 0.5421875 0.25546875 0.02578125 0.03125
1 0.54453125 0.35859375 0.02421875 0.03203125
1 0.57109375 0.5125 0.0265625 0.03046875
1 0.56640625 0.30859375 0.0265625 0.0328125
1 0.546875 0.4609375 0.02578125 0.034375
1 0.56875 0.41171875 0.028125 0.03359375
1 0.53671875 0.03828125 0.02578125 0.0296875
1 0.54921875 0.5640625 0.0234375 0.028125
1 0.53671875 0.01171875 0.021875 0.02109375
1 0.54921875 0.53984375 0.02109375 0.01875