1 0.4625 0.4515625 0.02890625 0.04375
1 0.46328125 0.3203125 0.03046875 0.04609375
1 0.4640625 0.7109375 0.0296875 0.0453125
1 0.4640625 0.58359375 0.02890625 0.04375
0 0.48203125 0.5125 0.1 0.8078125
1 0.49609375 0.259375 0.03671875 0.04296875
1 0.496875 0.5234375 0.03515625 0.03984375
1 0.4625 0.184375 0.02734375 0.03984375
1 0.496875 0.39140625 0.0359375 0.03984375
1 0.496875 0.65546875 0.03359375 0.040625
1 0.46328125 0.83828125 0.02578125 0.03828125
1 0.4609375 0.146875 0.0203125 0.03984375
1 0.46171875 0.80546875 0.01875 0.0359375