1 0.30625 0.4 0.0625 0.028125
1 0.309375 0.915625 0.06171875 0.025
1 0.36875 0.45234375 0.05703125 0.03046875
1 0.32578125 0.371875 0.02734375 0.03046875
1 0.30546875 0.71484375 0.0640625 0.03046875
1 0.30625 0.6125 0.06640625 0.03203125
1 0.30546875 0.50703125 0.0640625 0.03125
1 0.3078125 0.815625 0.0625 0.03125
0 0.34140625 0.66953125 0.17421875 0.64765625
1 0.36484375 0.66171875 0.05703125 0.028125
1 0.365625 0.7625 0.05625 0.02890625
1 0.365625 0.5578125 0.05859375 0.03046875
1 0.36796875 0.95546875 0.05625 0.0296875
1 0.32734375 0.884375 0.0265625 0.02265625