0 0.684375 0.53515625 0.15546875 0.7265625
1 0.6484375 0.2234375 0.05546875 0.02734375
1 0.7078125 0.271875 0.05078125 0.0296875
1 0.6484375 0.32109375 0.05625 0.03046875
1 0.709375 0.3671875 0.05 0.03125
1 0.6515625 0.41484375 0.053125 0.02890625
1 0.70859375 0.4609375 0.0484375 0.028125
1 0.65 0.5078125 0.04921875 0.02890625
1 0.70859375 0.553125 0.04765625 0.02734375
1 0.65390625 0.6 0.04453125 0.02734375
1 0.6546875 0.69140625 0.04765625 0.02578125
1 0.715625 0.7359375 0.046875 0.025
1 0.659375 0.7796875 0.0515625 0.02578125
1 0.7171875 0.8234375 0.0484375 0.0296875
1 0.665625 0.8703125 0.0484375 0.02734375