0 0.3984375 0.428125 0.1328125 0.396875
1 0.421875 0.4984375 0.03671875 0.02578125
1 0.5734375 0.28359375 0.0390625 0.0296875
1 0.5703125 0.45859375 0.03984375 0.0296875
0 0.59765625 0.42734375 0.1015625 0.3984375
1 0.38359375 0.4609375 0.03828125 0.0265625
1 0.37421875 0.37734375 0.03984375 0.028125
1 0.60625 0.496875 0.0328125 0.028125
1 0.61015625 0.328125 0.03671875 0.03046875
1 0.571875 0.375 0.0390625 0.0296875
1 0.37578125 0.2609375 0.01796875 0.02578125
1 0.6078125 0.4171875 0.034375 0.03046875
1 0.36640625 0.28671875 0.0390625 0.02421875
1 0.4171875 0.41953125 0.0390625 0.02890625
1 0.5703125 0.5375 0.03828125 0.025
1 0.38984375 0.5390625 0.03828125 0.025
1 0.40625 0.3296875 0.0359375 0.03046875
1 0.4265625 0.571875 0.03359375 0.02578125
1 0.6046875 0.56953125 0.03125 0.02734375