0 0.6859375 0.52734375 0.15078125 0.75078125
1 0.65546875 0.69296875 0.0515625 0.0265625
1 0.65078125 0.225 0.0546875 0.0296875
1 0.65 0.3234375 0.0546875 0.028125
1 0.659375 0.78046875 0.05234375 0.02578125
1 0.7171875 0.73515625 0.0515625 0.02734375
1 0.6546875 0.6015625 0.0484375 0.02421875
1 0.653125 0.50859375 0.053125 0.0265625
1 0.65234375 0.4171875 0.053125 0.025
1 0.7125 0.459375 0.04296875 0.0265625
1 0.7109375 0.27265625 0.046875 0.02890625
1 0.71015625 0.55390625 0.04765625 0.028125
1 0.709375 0.36875 0.04765625 0.0296875
1 0.66328125 0.87265625 0.0515625 0.0265625
1 0.7171875 0.825 0.05 0.02421875