0 0.6828125 0.475 0.125 0.95
1 0.66875 0.0421875 0.05234375 0.0578125
1 0.715625 0.121875 0.04609375 0.0625
1 0.671875 0.21875 0.053125 0.06015625
1 0.71328125 0.29453125 0.040625 0.05703125
1 0.66796875 0.38359375 0.0484375 0.06015625
1 0.70859375 0.44921875 0.0359375 0.05546875
1 0.66640625 0.53125 0.04609375 0.053125
1 0.70546875 0.58984375 0.03671875 0.05078125
1 0.66484375 0.66640625 0.04296875 0.05078125
1 0.66328125 0.79296875 0.0375 0.034375
1 0.70078125 0.83984375 0.03671875 0.0515625
1 0.66015625 0.7578125 0.01875 0.03671875