0 0.48984375 0.50859375 0.10078125 0.82265625
1 0.46328125 0.184375 0.028125 0.0375
1 0.49609375 0.25859375 0.040625 0.04765625
1 0.46328125 0.31796875 0.03203125 0.04921875
1 0.49453125 0.39140625 0.0390625 0.04375
1 0.46328125 0.4515625 0.02890625 0.04453125
1 0.4953125 0.5265625 0.034375 0.04375
1 0.465625 0.5859375 0.03125 0.0484375
1 0.49609375 0.65390625 0.03671875 0.0453125
1 0.46484375 0.7109375 0.0296875 0.04609375
1 0.46484375 0.8390625 0.02734375 0.03671875
1 0.4609375 0.14375 0.015625 0.04140625
1 0.46171875 0.80390625 0.01484375 0.0328125