0 0.50390625 0.30859375 0.0578125 0.6171875
1 0.49375 0.01953125 0.02109375 0.02421875
1 0.51640625 0.0609375 0.02109375 0.028125
1 0.49296875 0.10859375 0.021875 0.02734375
1 0.51640625 0.15 0.01796875 0.0265625
1 0.49375 0.1953125 0.02265625 0.02734375
1 0.51640625 0.23671875 0.01875 0.0265625
1 0.49375 0.2828125 0.01953125 0.02421875
1 0.51640625 0.32265625 0.01953125 0.0265625
1 0.49375 0.36640625 0.0203125 0.025
1 0.49375 0.45390625 0.02265625 0.021875
1 0.51640625 0.49296875 0.01875 0.028125
1 0.49375 0.53671875 0.01953125 0.02578125
1 0.48671875 0.42890625 0.009375 0.02421875